Generations 150
Tau 0.070711
Epsilon0 0.000010
Lambda 150
Mu 50
BoxMin -1.000000
BoxMax 1.000000
EvaluationTime 0.8441
Fitness 0.440591
Sigma 0.051313
Points 200

Points (x,y,z):
0.631906 -0.453104 -0.520545
-0.911792 0.078387 -0.480588
-0.541544 0.359202 0.800424
-0.241671 0.999425 -0.355659
-0.465685 -0.591186 -0.112281
0.505835 0.068480 -0.098096
0.140467 -0.836365 -0.493074
0.114313 -0.883020 0.449536
0.414203 -0.411926 0.708655
-0.755335 -0.156562 0.665090
0.628369 0.619963 0.617012
0.437779 -0.822954 0.516235
-0.172003 -0.924598 -0.465487
0.083162 0.666414 0.022176
0.484705 -0.892290 0.445312
0.646277 0.842074 -0.154629
-0.970675 0.048828 0.583896
0.412476 -0.288673 -0.884076
0.781248 -0.724001 -0.491657
-0.840882 0.056477 -0.690205
0.382340 -0.604558 -0.585728
-0.785905 0.181466 0.616577
0.476134 -0.850768 -0.334544
0.317735 -0.332922 0.755655
0.867497 0.193631 0.528636
0.462041 -0.696552 -0.539745
0.849032 -0.547256 0.298594
-0.753359 0.328426 -0.571792
-0.392751 -0.045507 0.546144
0.208258 -0.524541 0.581018
-0.503924 -0.628923 0.594163
0.480168 0.052946 0.925540
-0.205599 0.845609 -0.690857
-0.109657 -0.138018 0.894873
0.704780 -0.471175 -0.537541
0.866139 0.048180 -0.456138
-0.825875 0.587736 0.203587
-0.170531 -0.986180 -0.394389
0.340568 0.322047 0.890558
0.304073 -0.425990 -0.792272
-0.133224 0.814259 0.526950
0.700911 0.592558 0.425922
0.751464 -0.653708 0.035002
0.448670 0.766095 0.688737
0.232735 0.007486 -0.966320
0.959677 -0.059097 -0.384072
-0.055518 -0.935157 -0.466078
0.780644 0.047034 0.555126
0.790985 -0.621533 0.205481
-0.905833 -0.420788 -0.139416
0.125103 0.444360 -0.596700
0.961794 -0.435114 -0.052432
0.574130 0.709040 0.198836
0.434522 -0.491104 -0.803196
0.581956 0.605321 0.402260
0.787640 -0.285520 0.521620
-0.935957 -0.387462 0.255252
0.528238 0.830820 0.365731
-0.238990 0.996880 0.109949
0.932578 0.378100 0.408876
-0.232361 -0.840291 -0.192708
0.046735 -0.352803 0.381384
0.111226 0.361468 0.775722
-0.406276 -0.575721 -0.421273
0.379621 -0.338805 -0.861444
0.171839 0.727818 -0.413720
-0.772899 -0.122736 -0.479506
0.702011 -0.319768 -0.114781
0.312240 0.771136 -0.091589
-0.805789 0.035883 -0.549174
0.101170 0.931163 0.410348
-0.319291 0.526602 -0.743992
0.363738 0.942885 0.465538
-0.661331 0.121009 -0.743465
0.203050 -0.734998 -0.661664
0.631284 0.688902 0.434603
0.507229 0.427446 0.571994
-0.472544 0.444677 0.705736
-0.128185 0.751190 0.705540
-0.018239 -0.675484 -0.383546
0.533001 -0.953617 -0.264681
0.608965 0.841336 -0.209260
-0.051484 -0.858120 -0.657037
-0.121601 0.168089 0.934746
0.763962 0.655696 -0.359961
-0.140925 0.797976 0.073850
0.553905 0.738645 -0.600123
-0.939653 -0.476151 0.027833
0.114124 -0.040825 -0.861085
0.183339 -0.174628 0.930134
0.906050 -0.057341 -0.462398
-0.013491 0.455365 0.974109
0.545458 0.396966 -0.957149
-0.935834 -0.222456 -0.169074
0.522841 0.180031 0.864318
0.497587 -0.796791 0.501914
-0.416248 0.711392 0.384728
-0.525974 0.768151 0.046382
-0.156601 -0.678736 -0.646032
0.503566 -0.837481 -0.218115
-0.685615 -0.518123 0.240008
-0.376236 -0.040491 -0.982349
0.655444 0.305484 0.182737
0.300892 0.596945 0.625622
-0.532530 0.185893 0.711923
-0.240435 -0.921161 -0.332916
-0.197859 -0.568138 -0.646568
-0.677906 0.308204 0.455233
0.733465 -0.802612 0.019007
0.764225 -0.189067 0.193721
-0.681975 -0.621117 0.279411
-0.730334 -0.644642 -0.081157
0.603990 -0.672012 -0.200843
0.441821 -0.253240 -0.930776
-0.452988 0.557312 -0.672319
0.723494 0.730002 -0.161164
0.642221 0.497763 -0.509995
0.310172 0.957603 0.334637
-0.795876 -0.154973 -0.306302
-0.830490 0.044471 -0.567573
0.753419 -0.526959 0.297518
-0.784481 0.230763 -0.574234
-0.314655 0.740777 0.542949
0.539599 -0.873062 -0.330337
0.410475 -0.642061 0.498261
-0.167759 0.016954 -0.490762
-0.263517 -0.052088 0.881283
0.068282 -0.886925 0.574572
0.467183 -0.294463 -0.938855
-0.812783 -0.030284 0.527565
-0.641892 -0.623926 -0.202649
-0.573280 0.625635 -0.686089
-0.710664 0.043500 -0.555909
-0.713751 -0.507549 -0.281306
-0.712861 0.735704 -0.482777
-0.467559 -0.570038 -0.586196
0.002214 -0.879973 -0.505939
0.058655 -0.516769 -0.278989
-0.135293 -0.861934 -0.492271
0.719589 0.786072 -0.230732
-0.265863 -0.809995 0.338334
0.489168 0.615838 0.346432
-0.385786 0.052149 0.856245
0.009209 -0.994124 -0.520710
-0.522593 0.977744 -0.106833
-0.451461 0.535714 -0.728029
0.272057 0.878227 0.264435
-0.526673 -0.299142 0.695786
-0.907087 0.371944 -0.499570
0.652113 -0.473132 -0.186953
-0.798951 0.142598 -0.416253
-0.317182 -0.906686 -0.396460
0.545188 0.439608 -0.718264
-0.799480 0.232802 -0.530303
-0.435967 0.144167 0.971749
-0.457828 0.144727 0.950596
0.055718 -0.785844 0.374676
0.419542 0.911027 0.240396
0.612794 0.788039 -0.189169
-0.005009 0.183987 -0.543743
-0.525649 0.670804 0.561602
0.401222 0.601800 0.543156
-0.950294 -0.453078 0.109761
0.539533 0.957674 0.420479
0.442128 -0.197058 0.854521
0.617203 -0.758697 -0.334604
-0.340872 0.789115 -0.596882
-0.661951 -0.106545 -0.797971
0.942910 0.260341 0.080789
-0.775744 -0.247025 0.023578
-0.439149 -0.604793 -0.477777
-0.571142 0.775101 0.476375
0.574747 0.343742 -0.723322
0.787043 -0.205865 0.423465
-0.284371 -0.920446 0.154913
-0.551325 0.630949 0.588910
-0.069069 -0.911356 -0.033980
0.462594 0.942840 -0.211383
0.164859 -0.646499 0.846954
0.400247 0.201257 0.474636
0.046411 -0.830937 0.418666
-0.606173 0.667860 0.302904
0.187993 -0.932519 -0.439894
-0.698439 0.145762 0.176119
0.409707 -0.056350 0.768137
-0.039753 0.571262 -0.901102
0.889106 -0.324430 0.326467
-0.491482 -0.675155 -0.347751
-0.532434 -0.787229 -0.420758
0.780284 -0.415327 0.589153
-0.376850 0.701308 0.178824
-0.660985 -0.603413 -0.279029
0.857008 -0.021321 -0.618339
-0.894902 -0.625269 -0.108103
-0.486531 -0.904005 0.055322
0.594297 0.489992 -0.109727
0.280369 0.020371 -0.919261
-0.324336 0.610890 -0.038430
-0.539061 -0.880337 0.331448
-0.612241 0.389529 0.578858
