Generations 600
Tau 0.070711
Epsilon0 0.000010
Lambda 150
Mu 50
BoxMin -1.000000
BoxMax 1.000000
EvaluationTime 2.8694
Fitness 0.864846
Sigma 0.023433
Points 200

Points (x,y,z):
0.903830 0.350878 0.268860
-0.896181 0.176091 0.367344
-0.557464 0.451284 0.510891
-0.676706 -0.576937 -0.091027
-0.721479 -0.565943 -0.255260
-0.221963 -0.886877 -0.423106
-0.150352 0.579630 0.676444
0.904901 0.414232 -0.268570
0.133315 -0.901703 0.210038
0.776270 -0.471565 0.554967
-0.509621 0.541465 0.705053
-0.793758 0.355935 0.455507
-0.230303 0.905815 -0.211346
-0.389641 -0.395932 0.766440
-0.772801 -0.551098 0.202135
0.129965 0.270258 0.801923
-0.939704 -0.017348 0.104497
-0.395335 0.773171 -0.604619
0.702137 -0.186554 0.741176
0.405350 -0.605190 -0.612321
0.362189 -0.744071 -0.163234
-0.310379 0.058351 0.886951
-0.838802 -0.261519 -0.281591
0.634876 0.241992 -0.610821
-0.812498 0.024777 0.322093
-0.644620 0.244023 0.734299
-0.938104 0.181584 0.307580
0.673622 0.139106 -0.652798
-0.572877 -0.383653 0.840522
-0.636599 -0.414670 0.662629
-0.363429 -0.798528 -0.432547
0.261285 -0.386435 -0.820000
0.707914 0.799117 0.082287
0.147628 0.918936 0.359474
0.996298 -0.325313 -0.012738
0.789103 0.023137 -0.622436
0.878013 -0.527965 0.322577
-0.504772 0.060425 0.836543
0.698089 -0.447390 0.319918
-0.712523 0.068910 -0.739383
-0.225725 0.779494 -0.520615
-0.113401 0.733939 0.456755
0.833264 -0.413545 0.356050
-0.664053 0.672767 0.271360
-0.471223 0.489172 -0.589994
0.004672 -0.047744 -0.886392
-0.746837 -0.271876 -0.582001
0.383497 0.761714 0.356041
0.189803 0.632984 0.795006
-0.594089 -0.679384 0.432322
-0.511016 0.143868 0.956831
-0.971496 0.210991 0.312934
0.395264 0.660716 0.417823
0.826420 0.599468 0.168510
0.063952 -0.850042 -0.263014
0.259800 -0.928868 -0.309408
-0.617736 -0.572509 -0.481475
-0.393311 0.322137 0.681220
-0.785001 -0.376881 0.467679
0.522015 0.813514 0.316702
-0.296669 -0.113097 0.975267
0.263184 -0.236817 -0.813729
-0.997159 0.008050 -0.240134
-0.464048 0.719381 -0.596314
-0.269325 0.152127 0.906420
0.601117 0.725753 0.372935
0.681676 0.522894 0.190421
-0.708034 -0.429541 0.118562
-0.754624 -0.067999 -0.710959
-0.811477 -0.028069 -0.678887
-0.311306 0.785459 0.203783
-0.268822 -0.951664 -0.212505
-0.359531 -0.529536 0.733501
-0.227676 0.456495 -0.895458
-0.457951 0.783709 0.361375
0.451881 0.660175 0.397326
0.733239 0.311662 -0.600985
-0.107290 0.879857 0.036264
-0.711762 0.135788 -0.669592
-0.011019 0.992035 -0.297340
0.814334 0.392049 0.079919
0.501902 -0.613873 0.549988
-0.697489 -0.393084 -0.557452
-0.873896 0.057338 0.289139
0.364875 -0.783365 -0.539927
0.003209 -0.519117 -0.764905
0.127013 0.872392 -0.452281
0.657222 0.332321 -0.421601
-0.092312 -0.890495 -0.259025
0.737643 -0.652780 0.256692
-0.941643 0.198745 0.354308
0.511786 0.606261 -0.466689
0.760547 -0.013048 0.488746
0.706278 0.209378 0.567701
-0.841040 -0.243253 0.342064
0.776926 -0.229615 0.605174
-0.197042 -0.182232 -0.820359
-0.173263 -0.027550 0.953343
-0.236421 0.772008 0.466140
0.804761 0.322729 -0.008174
0.222882 -0.992144 0.262473
-0.531359 0.380901 0.778812
-0.327226 0.485050 0.832014
-0.489565 0.872142 0.041091
0.874553 0.404832 -0.027029
0.903292 0.065413 0.411764
-0.564670 -0.638457 -0.382144
-0.356541 0.662670 0.605930
0.829590 -0.100212 0.526793
-0.693937 -0.407231 0.683457
0.185340 -0.001230 -0.897124
-0.338857 -0.010950 -0.942567
-0.282722 0.641555 -0.588708
-0.257711 0.497246 0.788000
-0.632345 -0.344027 0.632796
0.352022 0.300480 -0.786836
0.963479 -0.213964 -0.181744
-0.410944 -0.842607 -0.452450
0.604244 -0.361174 -0.614096
0.288533 -0.570313 0.800055
-0.799078 -0.476395 0.225963
-0.346253 -0.597021 -0.638715
-0.349937 -0.487752 -0.775350
0.829141 -0.273683 0.171680
0.443387 0.863551 0.340155
-0.204611 0.649375 0.735610
-0.249191 -0.635759 0.816380
0.337046 -0.039820 0.862895
0.294304 0.640908 0.769665
-0.317821 -0.434706 0.881186
-0.106421 -0.665329 -0.659489
0.361314 0.459839 0.797439
0.299389 0.861699 0.235392
0.512986 0.622119 -0.323563
-0.904099 -0.473836 0.193943
0.382187 -0.591495 0.517095
-0.338709 -0.812696 0.289203
0.139919 0.978044 0.294957
0.253689 -0.870020 0.215189
-0.585014 0.046158 -0.613657
-0.320387 -0.694904 -0.622758
-0.189337 0.764480 0.427613
0.110147 0.892572 0.264812
-0.348015 -0.085132 -0.871512
0.116124 -0.846148 -0.418167
-0.718623 -0.389915 0.458628
-0.172677 0.610112 -0.604989
0.851544 -0.251278 -0.253206
0.549748 -0.728701 -0.110159
0.918930 0.084139 -0.376513
0.025426 -0.924404 -0.190147
0.519133 0.756479 0.508879
0.532411 -0.899029 0.002221
-0.528542 0.109606 0.866173
0.666248 0.614556 0.138198
0.524270 -0.294003 -0.734502
-0.367998 -0.887891 -0.184031
-0.723248 -0.210330 0.668208
0.878784 0.270341 -0.231791
0.984821 -0.344338 0.203151
-0.835713 0.192563 0.495924
0.563934 -0.538522 -0.551401
-0.631906 0.818590 0.171593
0.226659 -0.113543 0.956304
-0.571250 -0.378360 0.658543
0.344782 0.752133 0.544758
0.707884 -0.386255 0.509769
-0.754593 -0.563579 -0.177135
0.434207 0.578099 0.595093
-0.015715 -0.800257 0.550831
0.726827 -0.641924 0.194989
0.678462 -0.647117 0.471224
0.580068 -0.577237 -0.487314
-0.274420 -0.675044 -0.516126
0.163781 0.963800 -0.380365
-0.164068 0.875298 0.488071
-0.429217 -0.957453 0.101865
0.180750 -0.417661 0.780786
-0.650731 0.265129 0.695957
-0.254513 -0.415563 0.177823
-0.069403 0.449330 0.840149
-0.456277 0.863304 0.261715
0.584945 0.302870 -0.491543
0.281535 -0.993612 0.016373
-0.547827 -0.679092 0.152523
-0.441428 -0.742907 0.571201
-0.422983 -0.813850 -0.353279
0.304139 -0.702108 -0.598981
-0.734137 0.296521 -0.511263
-0.365694 0.531299 0.863515
-0.525336 -0.585183 0.427621
0.411008 0.854189 -0.142480
0.034461 -0.609654 -0.784743
-0.097639 0.630848 0.646392
0.683409 0.637965 -0.203408
-0.212221 -0.434260 -0.714677
-0.931727 -0.193229 -0.155324
-0.699234 0.396427 0.779763
-0.210171 0.245055 -0.946401
-0.478001 -0.897745 -0.175518
