Generations 300
Tau 0.070711
Epsilon0 0.000010
Lambda 150
Mu 50
BoxMin -1.000000
BoxMax 1.000000
EvaluationTime 1.4944
Fitness 0.700173
Sigma 0.042148
Points 200

Points (x,y,z):
0.777561 0.475146 0.215032
-0.887734 0.016647 0.278156
-0.632641 0.613807 0.391338
-0.647472 -0.662329 -0.114050
-0.734357 -0.594727 -0.388037
-0.102050 -0.872691 -0.387114
-0.345337 0.497071 0.664425
0.919611 0.317636 -0.207367
0.065759 -0.946012 0.248150
0.537894 -0.562461 0.641273
-0.426902 0.481439 0.618353
-0.347193 0.258759 0.928262
-0.127509 0.970448 -0.272356
-0.352308 -0.473663 0.689554
-0.956476 -0.326742 0.163988
0.140236 0.656885 0.720080
-0.927878 0.179308 0.124813
-0.419910 0.843928 -0.450085
0.555153 -0.587225 0.495112
0.267017 -0.589021 -0.557621
0.337605 -0.868600 -0.255161
-0.098704 0.058294 0.955344
-0.779158 -0.361728 -0.152712
0.528278 0.168525 -0.668423
-0.903079 0.197448 0.294222
-0.623656 0.025439 0.790216
-0.836510 0.008156 0.378400
0.743429 0.143970 -0.626333
-0.554254 0.069255 0.789709
-0.493511 -0.279357 0.609761
-0.462168 -0.695872 -0.418742
0.442418 -0.116584 -0.883487
0.602216 0.691157 0.040243
0.334908 0.994594 0.281854
0.936976 -0.439142 0.019363
0.887786 -0.024796 -0.544812
0.876673 -0.518988 0.392135
-0.592018 -0.534237 -0.697889
0.748459 -0.324920 0.343576
-0.616899 -0.114167 -0.833250
0.103922 0.866635 -0.300390
-0.185362 0.695697 0.456922
0.936003 -0.226873 0.096239
-0.797589 0.634172 0.350007
-0.816894 -0.320086 0.481921
0.135682 -0.057845 -0.894828
-0.808996 -0.224098 -0.640909
0.382778 0.802515 0.435834
-0.035326 0.523105 0.966853
-0.274497 -0.628907 0.750907
-0.399309 -0.061702 0.930307
-0.998891 0.130476 0.393567
0.601021 0.727284 0.469502
0.819021 0.485817 0.215874
0.209537 -0.943361 -0.402553
0.195771 -0.943695 -0.408977
-0.762443 -0.384921 -0.429681
-0.497527 0.375585 0.508828
-0.784031 -0.409530 0.242247
0.290068 0.837179 0.304105
-0.243106 0.121880 0.827828
0.326421 -0.274381 -0.922579
-0.986717 -0.033385 -0.571524
-0.333012 0.470328 -0.832036
-0.424921 0.472702 0.833393
0.546256 0.786799 0.386353
0.878634 0.350513 0.282493
-0.833026 -0.504281 0.070176
-0.734468 -0.197141 -0.475457
-0.867903 -0.014658 -0.750725
-0.475905 0.694853 0.146744
-0.384445 -0.946698 -0.284912
-0.316172 -0.636343 0.431169
-0.254088 0.314065 -0.839314
-0.414996 0.831805 0.361844
0.338657 0.564822 0.521117
0.737135 0.279490 -0.557684
-0.100850 0.971842 0.105546
-0.608381 0.038934 -0.952493
-0.246261 0.865965 -0.422274
0.845173 0.283175 0.154733
0.442586 -0.585216 0.740978
-0.783992 -0.296303 -0.620993
-0.817710 0.147729 0.261240
0.415170 -0.565009 -0.600619
-0.135156 -0.431946 -0.671750
0.286934 0.808784 -0.379200
0.772610 0.296454 -0.545001
-0.203411 -0.889054 -0.325019
0.616674 -0.725948 0.075728
-0.970686 -0.083796 0.506031
0.723675 0.724242 -0.202254
0.900399 0.315900 0.394592
0.332777 0.032431 0.518977
-0.858775 0.046479 0.068790
0.684610 -0.005861 0.752842
-0.458797 -0.497395 -0.689143
-0.604836 0.412801 0.737264
0.113950 0.957057 0.273235
0.997331 0.349696 -0.090076
0.114707 -0.838149 0.190218
-0.502771 0.358677 0.801238
-0.325382 0.470369 0.981919
-0.422021 0.978945 0.314747
0.841539 0.351337 0.127292
0.876883 0.235243 0.433890
-0.701271 -0.608101 -0.378925
-0.324492 0.607190 0.589984
0.574577 -0.437502 0.240455
-0.681962 -0.290245 0.663117
0.052110 0.061966 -0.845190
-0.383459 0.300904 -0.707414
-0.266388 0.664243 -0.723578
-0.581736 0.488685 0.556242
-0.719955 -0.228322 0.601104
0.512765 0.299180 -0.772018
0.740981 -0.643357 -0.297225
-0.499625 -0.769352 -0.434955
0.610264 -0.507392 -0.550745
0.309287 -0.598812 0.736380
-0.911073 -0.481435 0.083564
-0.239537 -0.709091 -0.422374
-0.346387 -0.563097 -0.898144
0.826960 -0.186794 0.219060
0.415455 0.851371 0.309613
0.862377 -0.142105 -0.616635
-0.132667 -0.686299 0.680847
0.444169 -0.011364 0.799099
0.092350 0.528580 0.941021
-0.203471 -0.552112 0.814667
-0.084432 -0.793002 -0.452167
0.202115 0.422192 0.674713
0.226546 0.955226 0.267745
0.624699 0.756100 -0.411243
-0.955776 -0.330904 0.218012
0.760040 -0.522411 0.475929
-0.416441 -0.904681 0.166757
0.174778 0.851576 0.471761
-0.499844 -0.887658 -0.305408
-0.611202 -0.000877 -0.951688
-0.716286 -0.462963 -0.471837
-0.139777 0.739637 0.396917
-0.000546 0.887620 0.085080
-0.399071 -0.219381 -0.789955
0.345548 -0.952096 -0.318156
-0.939177 -0.131392 0.488139
-0.155636 0.662697 -0.505257
0.883985 -0.146948 -0.277189
0.774313 -0.517660 -0.469738
0.956160 0.060974 -0.196024
0.169778 -0.881359 -0.288130
0.525827 0.722973 0.382817
0.484401 -0.528957 0.046326
-0.523033 0.162618 0.852134
0.622363 0.480229 0.277424
0.541516 -0.270811 -0.768816
-0.251392 -0.781001 -0.230353
-0.707918 -0.255747 0.596896
0.981878 0.367662 -0.179729
0.808565 -0.409140 0.332731
-0.726378 0.455268 0.297471
0.544599 -0.532691 -0.542786
-0.509587 0.676465 0.252149
0.281922 0.104853 0.769838
-0.016620 -0.917176 0.417904
0.251751 0.821829 0.445390
0.889241 -0.252235 0.239353
-0.768996 -0.556107 -0.151752
0.467626 0.516657 0.629981
0.053211 -0.916127 0.495855
0.620439 -0.577088 0.194757
0.760535 -0.705781 0.392817
0.820402 -0.487486 -0.227180
-0.787470 -0.294744 -0.427649
0.270016 0.829014 -0.517647
-0.155138 0.841540 0.775473
-0.462579 -0.875651 0.311581
-0.247745 -0.454982 0.926583
-0.587253 0.666376 0.690314
-0.070816 -0.356453 0.175757
-0.170159 0.588318 0.603402
-0.407329 0.854220 0.241237
0.569181 0.448243 -0.657812
0.357217 -0.964086 -0.007898
-0.358827 -0.766866 0.051450
-0.488426 -0.580782 0.699513
-0.447276 -0.659238 -0.223599
0.142784 -0.512251 -0.669266
-0.730099 0.204606 -0.561889
-0.427520 0.554734 0.766570
-0.797486 -0.736658 0.003620
0.460345 0.712692 -0.210522
0.167290 -0.566725 -0.737442
-0.069009 0.624568 0.641249
0.980922 0.525956 -0.129099
-0.314162 -0.412923 -0.940530
-0.796126 -0.009544 -0.628707
-0.511892 0.310845 0.918848
-0.326710 0.371268 -0.878911
-0.635525 -0.799761 -0.211351
