Generations 0
Tau 0.070711
Epsilon0 0.000010
Lambda 150
Mu 50
BoxMin -1.000000
BoxMax 1.000000
EvaluationTime 0.0382
Fitness 0.137145
Sigma 0.059801
Points 200

Points (x,y,z):
-0.411637 0.223648 -0.469900
-0.110548 0.915006 0.557289
-0.281060 0.526339 0.979793
-0.105314 0.217120 -0.333412
-0.078889 -0.301150 0.145475
-0.729147 0.864162 0.129938
0.244464 0.174366 0.316313
0.633898 0.759158 -0.605678
0.492937 0.624375 0.571662
0.012454 0.280792 0.872039
0.445679 0.809354 0.155488
0.706795 0.428313 0.268058
0.204283 0.696724 0.332663
-0.600483 0.766162 -0.032074
0.235301 0.142755 -0.297059
-0.788420 -0.104089 -0.292388
-0.744699 -0.341929 0.621868
0.406277 0.404108 0.011436
-0.150360 0.604477 0.599509
0.477797 -0.674313 0.690124
0.353679 -0.937389 -0.310345
0.471360 -0.695709 0.717098
-0.385967 -0.541886 0.653868
-0.927920 0.026025 0.651644
-0.966966 -0.678873 -0.145800
-0.179861 -0.864683 -0.116387
0.587551 0.545496 -0.923085
-0.075053 0.213604 0.158048
-0.574426 0.119739 -0.116846
0.355087 0.043851 0.822033
-0.764612 -0.662270 0.944445
-0.015157 -0.272704 0.923034
0.827035 0.401129 -0.559051
0.421102 0.825769 0.178978
-0.687949 -0.147666 -0.153247
-0.171166 0.918873 0.297832
0.772248 0.566225 -0.216473
0.908963 -0.749434 0.735301
0.389986 -0.874254 0.357313
-0.718463 0.672885 -0.253488
-0.702481 0.716220 -0.261107
-0.817838 -0.239136 0.525989
0.108342 0.450455 -0.842422
-0.334254 0.889400 -0.247112
0.784924 -0.209668 0.851621
-0.780477 0.409762 0.537124
-0.694929 0.271813 0.336719
0.148399 0.240576 0.647085
0.417435 -0.397860 -0.632845
0.626211 -0.176123 -0.900159
-0.357824 0.403566 -0.149718
0.440870 0.525928 0.670946
-0.092941 0.750726 -0.860756
0.834177 -0.643328 -0.911556
-0.353134 -0.798604 -0.181024
-0.561313 0.208635 -0.561858
0.507025 0.372516 0.335511
0.815936 0.820515 -0.520533
-0.939217 0.178150 0.021806
-0.631862 -0.135839 0.785882
-0.591822 0.117282 0.980536
0.361804 -0.286843 0.292505
-0.378895 -0.223076 0.187958
0.187052 -0.176600 -0.019730
-0.151207 0.257967 0.746026
-0.072006 -0.185612 -0.699157
0.359883 -0.738387 0.613558
0.696264 0.690936 0.250075
0.055259 -0.861668 -0.387777
-0.988686 0.969338 -0.357498
-0.503576 -0.990586 0.131298
0.783683 -0.783350 0.366624
0.665559 0.640479 0.718287
-0.151197 -0.982802 0.909413
-0.661653 0.070218 0.647157
0.270167 -0.123536 0.568289
0.511210 -0.703852 0.889703
0.686804 -0.579440 0.299386
-0.381357 0.987000 -0.834616
0.792561 -0.003760 -0.907156
-0.352550 0.867212 0.646300
0.300917 0.591095 0.922751
-0.272659 -0.213116 -0.281499
-0.474985 -0.819733 0.103138
-0.085795 -0.421586 -0.886444
-0.583132 -0.384673 0.526237
0.925356 -0.813663 0.762584
0.633224 0.448424 -0.996397
-0.127190 -0.614697 0.123553
-0.003684 -0.762335 -0.820406
0.148961 -0.207671 0.672258
0.251220 -0.581509 0.453049
-0.691801 0.716721 -0.188821
0.194765 0.690433 -0.039935
-0.761898 -0.455163 0.478679
-0.588542 0.106198 -0.798734
0.784414 0.535267 -0.525912
0.487197 0.350326 0.725393
-0.104964 0.577206 0.796614
-0.196953 0.259732 -0.184244
-0.801818 0.842084 -0.173392
0.742435 -0.555870 0.673002
0.203888 0.585758 -0.529683
0.983686 -0.279278 -0.899051
-0.094826 0.208031 -0.887159
-0.362602 0.585808 0.722752
-0.074851 0.310421 0.198219
-0.413416 0.472120 0.587353
0.124629 0.038941 0.740983
-0.160430 0.782187 -0.059086
0.595526 0.091422 -0.060205
-0.900255 -0.106342 0.324124
0.712946 -0.399413 -0.923546
-0.569387 0.641941 -0.020051
-0.528239 -0.414308 0.938773
0.117547 0.067924 0.249254
0.977662 0.586417 0.780342
0.116080 -0.133948 -0.302438
0.664626 -0.949519 0.676702
-0.435800 -0.809791 -0.713040
-0.533876 -0.634024 -0.330087
0.465720 -0.474479 0.503770
-0.150355 -0.701732 -0.835842
-0.133703 0.460737 0.282853
-0.457621 0.662606 0.246922
0.366690 0.917516 0.908191
0.282121 0.404540 0.970685
0.557152 0.011259 -0.639341
-0.805087 -0.264315 -0.648661
-0.699072 -0.058533 -0.045600
-0.352312 0.423149 -0.086404
-0.760379 -0.926863 -0.867112
-0.096371 -0.839488 -0.657722
0.787946 0.789079 0.891892
0.130600 -0.728343 0.494698
-0.682278 0.578547 0.352414
0.643988 -0.555466 0.063592
0.660720 -0.027690 -0.681349
0.961578 0.227023 -0.005464
-0.372246 -0.510765 0.599154
0.522353 0.077123 -0.037497
0.042073 -0.032232 0.935985
-0.736860 0.618928 -0.451790
-0.334781 0.506065 0.882667
0.498009 0.510103 -0.200098
0.137042 0.443375 -0.705771
-0.203905 0.027563 -0.201436
0.652513 0.594857 -0.234084
-0.919694 -0.314799 -0.463737
0.085301 0.809551 0.211180
-0.722653 -0.164692 -0.777778
-0.916021 -0.594068 -0.152706
0.806951 0.594197 -0.383750
-0.121269 0.306611 0.878154
0.406976 -0.255182 0.448058
0.309843 0.409456 0.404939
0.663873 -0.734649 -0.507697
-0.680869 0.854760 -0.015721
-0.070007 -0.854456 0.819740
0.018186 -0.028974 -0.589935
-0.328844 0.160885 0.908203
-0.831308 0.395737 -0.879944
0.711298 -0.732514 0.012858
-0.732253 -0.377353 0.272274
-0.609938 -0.199325 0.664289
0.721247 0.669083 0.489903
0.696764 0.774390 0.219495
-0.792850 -0.486260 0.606710
0.131628 0.598787 0.612036
0.023745 -0.307123 -0.745986
-0.903361 0.423834 0.355098
0.676928 0.015031 0.170956
0.856785 -0.968983 -0.473143
-0.563638 -0.703743 -0.294233
0.648836 -0.373482 0.566242
0.253324 -0.081657 0.676760
0.807573 0.417619 -0.733212
0.606366 -0.255627 0.687977
0.226034 -0.243602 -0.620685
-0.221730 -0.571260 -0.003712
-0.305009 0.307964 -0.028491
0.136551 -0.811926 -0.082541
-0.752293 0.985058 -0.111325
-0.285237 0.482991 0.314728
-0.165990 -0.058891 0.941001
-0.659548 -0.745767 -0.080855
0.891730 -0.766672 0.852079
-0.901283 0.852652 0.476848
0.156340 0.317970 -0.533796
0.951337 0.639346 0.557927
0.618613 -0.605863 -0.074308
-0.469679 -0.555775 -0.701702
0.014933 -0.337654 0.226663
-0.102931 -0.382408 -0.613318
0.218337 -0.027036 -0.122460
-0.787646 0.911655 0.582024
0.071698 0.928867 -0.717072
0.638446 -0.217040 0.269674
0.063976 -0.506232 0.788567
0.408342 0.100167 -0.734882
