Generations 700
Tau 0.070711
Epsilon0 0.000010
Lambda 150
Mu 50
BoxMin -1.000000
BoxMax 1.000000
EvaluationTime 3.4818
Fitness 0.970319
Sigma 0.008947
Points 200

Points (x,y,z):
0.435727 -0.716582 -0.463737
-0.836986 0.011379 -0.347950
-0.511542 0.348830 0.725357
-0.541719 0.692259 -0.406589
-0.450690 -0.690690 0.449522
0.370458 0.728302 0.545344
0.346302 -0.666036 -0.583748
0.238616 -0.757378 0.444758
0.562283 -0.248620 0.725254
-0.791132 -0.127391 0.569966
0.588570 0.581388 0.498233
0.397973 -0.814585 0.379204
0.025302 -0.697906 -0.675026
-0.260707 0.924285 0.181425
0.422118 -0.618032 0.523110
0.584648 0.665837 -0.344934
-0.944687 0.067865 0.211949
0.338134 -0.306165 -0.851805
0.634976 -0.634798 -0.357042
-0.758463 -0.031928 -0.635641
0.374810 -0.661504 -0.541789
-0.815098 0.155885 0.575785
0.356771 -0.847909 -0.355274
0.538613 -0.648090 0.557352
0.850822 -0.335640 0.314206
0.494682 -0.569291 -0.628208
0.655648 -0.734328 0.024141
-0.805322 0.003485 -0.432673
-0.689823 -0.028167 0.623559
0.370657 -0.571696 0.603722
-0.128505 -0.259999 0.952275
0.384628 -0.026030 0.892393
-0.266260 0.818130 -0.294120
-0.116070 -0.485411 0.871908
0.345188 -0.085254 -0.890496
0.836200 0.092848 -0.496445
-0.577347 0.684019 0.254054
0.060684 -0.924409 -0.233405
0.234505 0.539803 0.773905
0.466189 -0.373302 -0.799742
-0.153124 0.745326 0.393791
0.593863 0.728324 0.208394
0.385520 -0.888195 -0.270482
-0.478481 0.248020 0.745125
0.058922 -0.007341 -0.956432
0.902309 -0.023497 -0.346594
-0.114089 -0.763512 -0.487293
0.848665 0.008633 0.385954
0.751076 -0.605586 0.302984
0.798692 0.062797 -0.422744
-0.237831 0.614720 -0.718194
0.928302 -0.246095 -0.137089
0.605374 0.647391 0.211233
0.442690 -0.587157 -0.535639
0.660285 0.584715 0.435469
0.864520 -0.336102 0.313420
-0.832830 -0.408861 0.298067
0.407963 0.651171 0.427151
-0.118039 0.953626 0.180689
0.825311 0.207172 0.455143
-0.281392 -0.917503 -0.257674
0.128394 -0.302024 0.438848
0.410153 -0.158201 0.843926
-0.497722 -0.513289 -0.558593
0.606276 -0.438207 -0.648989
0.243605 0.729265 -0.547200
-0.767363 -0.155488 -0.667747
0.837567 -0.317408 0.005062
0.438092 0.779921 -0.202026
-0.819719 0.051474 -0.565244
-0.210450 0.814752 0.496089
-0.415666 0.534730 -0.567280
0.317989 0.776134 0.294781
-0.557588 0.091525 -0.789769
0.287873 -0.675550 -0.704368
0.411504 0.752949 0.303817
0.368043 0.518718 0.690160
-0.475654 0.147552 0.731053
0.045810 0.635445 0.656162
0.043039 0.939470 -0.203643
0.482016 -0.816813 -0.291159
0.541760 0.793743 -0.245581
0.164052 -0.810034 -0.454314
0.014964 0.377281 0.861704
0.546066 0.443338 -0.625161
0.027576 0.647358 0.690460
0.390992 0.622595 -0.502507
-0.779385 -0.575961 0.108769
0.315897 0.073059 -0.884131
0.481170 -0.094021 0.843769
0.838458 0.022100 -0.471775
0.116832 0.388697 0.865126
0.526221 0.342331 -0.750627
-0.886619 0.242875 0.170849
0.470816 -0.102581 0.770984
0.616567 -0.663980 0.383890
-0.450173 0.714646 0.492002
-0.306662 0.831619 0.217746
-0.201159 -0.701055 -0.663709
0.704211 -0.765990 -0.094055
-0.773655 -0.562542 0.168897
-0.366574 0.024686 -0.884903
0.875439 0.332645 0.319320
0.464492 0.623035 0.622534
-0.452275 0.127518 0.826895
-0.458835 -0.843014 -0.313656
-0.065377 -0.658834 -0.716029
-0.663664 0.341459 0.636166
0.106585 -0.845995 -0.453375
0.855419 0.039256 -0.456708
-0.395542 -0.885630 0.225470
-0.737025 -0.537755 -0.408266
0.744978 -0.649540 -0.080912
0.464811 -0.048338 -0.799153
-0.477895 0.545319 -0.654648
0.634044 0.679021 -0.252268
0.778328 0.488129 -0.184979
0.320458 0.634438 0.633415
-0.744682 -0.423668 -0.440721
-0.827604 0.047992 -0.598767
0.689456 -0.525555 0.292450
-0.888593 0.228465 -0.457681
-0.273030 0.823139 0.301992
0.448977 -0.722944 -0.523930
0.330698 -0.728104 0.470026
-0.378857 -0.176820 -0.929321
-0.130214 0.082641 0.934199
0.198174 -0.966795 0.077211
0.597616 -0.505907 -0.567777
-0.966151 0.068674 0.238137
-0.608750 -0.737718 -0.344891
-0.330065 0.651667 -0.612139
-0.812862 0.043368 -0.589592
-0.587566 -0.657244 -0.183970
-0.497503 0.727405 -0.350667
-0.262469 -0.618416 -0.553825
0.016335 -0.654558 -0.677220
0.384744 -0.750037 -0.169148
-0.073452 -0.871171 -0.261154
0.559082 0.701874 -0.379296
-0.208235 -0.913310 0.325662
0.568211 0.570803 0.440728
-0.368979 0.173319 0.827740
0.043112 -0.940087 -0.226761
-0.230925 0.939148 0.041515
-0.359580 0.572478 -0.665974
0.233586 0.860596 0.295257
-0.586736 -0.646385 0.353762
-0.713146 0.287669 -0.585957
-0.142619 0.898553 0.087700
-0.816666 0.160014 -0.476387
-0.062142 -0.853854 -0.505101
0.392982 0.415737 -0.794853
-0.868746 0.101330 -0.525945
-0.388910 0.153135 0.888187
-0.516022 0.620655 0.535083
0.209514 -0.827677 0.529938
0.417371 0.865941 -0.062930
0.660851 0.753272 -0.148208
-0.172132 0.262438 -0.401111
-0.508975 0.716776 0.423309
0.634546 0.586938 0.469437
-0.917745 -0.367151 0.211964
0.560683 0.703003 0.267856
0.143871 -0.169917 0.847108
0.345670 -0.884984 -0.344351
-0.225849 0.782743 -0.510732
-0.969711 0.047067 0.260723
0.917068 0.295006 0.171928
-0.708365 -0.449385 -0.469921
-0.470625 -0.595751 -0.501260
-0.502585 0.674033 0.529265
0.315094 0.348908 -0.880937
0.774142 -0.323553 0.497178
-0.624838 -0.636497 0.250210
-0.464429 0.625481 0.458045
-0.271425 -0.966601 -0.187437
0.526142 0.770105 -0.273564
0.463410 -0.598936 0.641089
0.606567 0.683042 -0.220194
0.042083 -0.831118 0.448384
-0.742159 0.579068 0.220660
0.437760 -0.716734 -0.470889
-0.423687 0.439410 0.243006
0.489638 -0.081729 0.835326
0.312279 0.458154 -0.809107
0.807660 -0.118835 0.500536
-0.480284 -0.742537 -0.386295
-0.413594 -0.708758 -0.514568
0.708178 -0.301003 0.405203
-0.446993 0.801510 0.267708
-0.720793 -0.446279 -0.359113
0.916944 -0.122711 -0.253207
-0.829033 -0.560232 0.049340
-0.433663 -0.874348 -0.060725
-0.020417 -0.694685 -0.612089
0.419567 -0.034647 -0.894909
-0.329462 0.739170 -0.505908
-0.606605 -0.607535 0.413976
-0.819218 -0.229678 0.537110
