Generations 900
Tau 0.070711
Epsilon0 0.000010
Lambda 150
Mu 50
BoxMin -1.000000
BoxMax 1.000000
EvaluationTime 4.2252
Fitness 0.990044
Sigma 0.014043
Points 200

Points (x,y,z):
0.915555 0.322323 0.272680
-0.933596 0.182810 0.328815
-0.618578 0.460168 0.555907
-0.681333 -0.609911 -0.190086
-0.637814 -0.616251 -0.302439
-0.051721 -0.898505 -0.318368
-0.210921 0.610408 0.766585
0.882466 0.268561 -0.077110
0.223299 -0.956151 0.157070
0.747143 -0.522693 0.431760
-0.515123 0.537103 0.608603
-0.610701 0.419415 0.463610
-0.161207 0.915928 -0.253877
-0.360336 -0.546114 0.693100
-0.856855 -0.473613 0.031816
0.140995 0.327443 0.893916
-0.941136 -0.051045 0.114384
-0.162487 0.707286 -0.642770
0.622524 -0.295317 0.763712
0.403674 -0.525916 -0.675944
0.383025 -0.733011 -0.098075
-0.199583 0.042122 0.888627
-0.859152 -0.333119 -0.226962
0.627439 0.400147 -0.488248
-0.796966 -0.033948 0.308028
-0.684955 0.184342 0.744649
-0.967420 0.073598 0.159439
0.679184 0.135559 -0.518143
-0.494561 0.174599 0.787055
-0.635232 -0.457849 0.668867
-0.448486 -0.701846 -0.350257
0.469343 -0.015298 -0.776560
0.648535 0.696909 0.155234
0.200568 0.938678 0.291766
0.868103 -0.395572 -0.078677
0.820800 0.103674 -0.519212
0.819766 -0.532254 0.259098
-0.629831 0.183369 0.741790
0.694578 -0.378107 0.296658
-0.680947 0.106638 -0.578661
-0.202745 0.674909 -0.445123
-0.452721 0.676762 0.341988
0.883175 -0.338237 -0.059168
-0.623763 0.783108 0.115851
-0.403957 0.579593 -0.555739
-0.039017 -0.054998 -0.962090
-0.732272 -0.268258 -0.624588
0.290573 0.820394 0.272069
0.050886 0.549337 0.764814
-0.364719 -0.803851 0.414889
-0.480729 0.089260 0.907215
-0.923512 0.188516 0.395223
0.405931 0.663066 0.451410
0.778594 0.560228 0.235106
-0.060734 -0.902392 -0.277706
0.061591 -0.951972 -0.173956
-0.598313 -0.467742 -0.420962
-0.460457 0.482265 0.615365
-0.641941 -0.384425 0.402910
0.542252 0.672524 0.235916
-0.195977 -0.112260 0.995004
0.228095 -0.429719 -0.797622
-0.878737 -0.089615 -0.226258
-0.356122 0.521808 -0.667476
-0.279442 0.193807 0.839641
0.616538 0.706000 0.331866
0.676864 0.484396 0.168569
-0.702402 -0.403186 0.117016
-0.709706 -0.073851 -0.605328
-0.647527 0.066061 -0.693857
-0.386721 0.812935 0.298613
-0.393129 -0.771622 -0.061110
-0.275091 -0.501977 0.800564
-0.239676 0.450166 -0.773236
-0.469375 0.854532 0.332793
0.440221 0.612864 0.461272
0.711612 0.231547 -0.538732
-0.077423 0.950646 -0.071864
-0.620443 0.104711 -0.601394
0.094833 0.845483 -0.231434
0.809776 0.407564 0.120381
0.610146 -0.430577 0.597810
-0.595426 -0.388692 -0.683959
-0.863167 -0.046246 0.317297
0.323387 -0.732745 -0.566266
0.014603 -0.540437 -0.767826
0.125583 0.868981 -0.370291
0.772506 0.014465 -0.449670
0.007097 -0.837434 -0.150107
0.639230 -0.731544 0.198748
-0.821311 0.230863 0.443962
0.493979 0.630011 -0.447507
0.878442 -0.075971 0.375289
0.780936 0.202178 0.435268
-0.938095 -0.142092 0.276265
0.761117 -0.168988 0.507231
-0.260721 -0.285315 -0.848185
-0.141560 0.076513 0.899055
-0.175865 0.694100 0.403589
0.809310 0.353240 -0.025638
0.249997 -0.845569 0.139849
-0.579095 0.330271 0.650664
-0.358898 0.335174 0.799582
-0.591310 0.778204 0.025496
0.915555 0.276749 -0.025218
0.869612 0.001522 0.350954
-0.364092 -0.662746 -0.438938
-0.380188 0.558074 0.683338
0.826408 -0.130760 0.415315
-0.616924 -0.376333 0.711648
0.153235 -0.008632 -0.861313
-0.263686 0.119291 -0.965928
-0.216875 0.691913 -0.456823
-0.135874 0.499832 0.830267
-0.563417 -0.312521 0.654868
0.353738 0.340494 -0.691988
0.861852 -0.236481 -0.206994
-0.452563 -0.733391 -0.293766
0.567094 -0.356566 -0.495058
0.250573 -0.469960 0.814395
-0.741645 -0.479666 0.173552
-0.470590 -0.580528 -0.597156
-0.189246 -0.534595 -0.724013
0.833396 -0.199216 0.105610
0.305663 0.892155 0.186318
-0.255247 0.349116 0.791106
-0.194911 -0.555971 0.807675
0.395609 -0.101006 0.867106
0.237449 0.674009 0.695581
-0.333571 -0.337189 0.948093
-0.085904 -0.682077 -0.616742
0.209434 0.544178 0.818248
0.070567 0.868276 0.334568
0.651910 0.649178 -0.315717
-0.765819 -0.385494 0.172925
0.803889 -0.368934 0.427038
-0.308782 -0.862097 0.283175
0.342360 0.727731 0.475493
0.310773 -0.914359 0.395751
-0.543624 0.032503 -0.724182
-0.490840 -0.677733 -0.442203
-0.203880 0.788024 0.446633
0.082435 0.975798 0.282206
-0.308508 0.016134 -0.888140
0.185616 -0.994035 0.021555
-0.773706 -0.530513 0.401818
-0.110554 0.464822 -0.851885
0.890319 -0.146900 -0.173160
0.565957 -0.694638 -0.051738
0.834245 0.110679 -0.362344
0.043407 -0.893126 -0.364580
0.590541 0.662753 0.480610
0.539087 -0.626570 0.013242
-0.443711 0.116819 0.888508
0.739623 0.679299 0.160396
0.502981 -0.002200 -0.734836
-0.357904 -0.847515 -0.156256
-0.732822 -0.165386 0.648840
0.906288 0.312508 -0.245790
0.834421 -0.403661 0.203651
-0.771190 0.236521 0.403268
0.455177 -0.380581 -0.577651
-0.525840 0.806152 0.211550
0.213341 -0.182188 0.885151
-0.014650 -0.778636 0.479374
0.316965 0.759497 0.566784
0.784846 -0.261885 0.575844
-0.726070 -0.440058 -0.168093
0.367649 0.542331 0.678430
0.011741 -0.819920 0.482862
0.711096 -0.686369 0.047212
0.763454 -0.605101 0.355147
0.705951 -0.345349 -0.431102
-0.303312 -0.688704 -0.544323
0.132029 0.898137 -0.332231
-0.117152 0.810690 0.405008
-0.424180 -0.898848 0.120792
0.267538 -0.447838 0.790394
-0.608541 0.301108 0.736343
-0.133410 -0.368903 0.174931
-0.046380 0.390269 0.812497
-0.440337 0.759098 0.167609
0.677766 0.296133 -0.589221
0.270973 -0.953643 -0.026469
-0.586368 -0.769626 0.056006
-0.240450 -0.663085 0.681725
-0.409972 -0.732104 -0.318360
0.220744 -0.681870 -0.631199
-0.741660 0.254767 -0.591374
-0.379715 0.426229 0.850103
-0.338479 -0.825753 0.431170
0.388765 0.816814 -0.100900
0.066369 -0.661361 -0.708711
-0.084616 0.664726 0.651121
0.756874 0.536839 -0.233047
-0.226039 -0.378293 -0.720406
-0.796507 -0.213263 -0.119714
-0.458317 0.093454 0.945379
-0.120401 0.186276 -0.939964
-0.448261 -0.816058 -0.158851
